2.245046489206459772e-01 2.455905606115468820e-01 1.099202401418578057e-01 6.692047805303182051e-02 -8.154768108616014533e-02 6.982363652546912103e-02 4.254838372240132283e-01 3.842451318509453873e-01 1.055403646420246255e-01 1.610929561676789357e-01 1.098970329744313190e-01 1.724785949038772637e-01 4.204613182450475661e-01 3.683522614597076750e-01 -2.066997470196301201e-01 1.077231840134296181e-01 -1.513075002317124940e-01 2.527961128719141692e-01
2.240869738653546162e-01 -3.183822406307419972e-01 1.050957496658654206e-01 -1.906784744377087726e-01 -2.504048303984375903e-02 -1.325845528339596457e-01 -4.037696838017700296e-01 -2.650820586804551460e-01 5.740271056862189525e-01 1.676460367968203025e-01 9.324574473271325312e-03 2.295571498428680968e-01 1.482185535795337850e-01 2.256689343801333569e-01 -5.976957396933772759e-02 2.250876562261120151e-01 9.443516642796109806e-02 5.535724903003560321e-02
2.373593117165375133e-01 -2.022452844788420467e-01 1.471155333415663513e-01 2.632591877070996067e-01 -1.795659842934152761e-01 7.871254783724178361e-02 -2.051983131048482900e-01 -1.876070807036026300e-01 -4.652763556788225285e-01 -4.490172091781648861e-02 6.210720398409321774e-01 -6.193017631342735696e-02 1.083004279338014159e-01 6.803402149582213343e-02 1.203487512192354947e-01 2.124577434293842271e-01 -4.309147032312560244e-02 1.008264354363709731e-01
2.303645788089106472e-01 2.805379583499326701e-01 3.412496135900206645e-02 -1.793635397990737124e-01 3.512412157037320681e-01 3.199284154013889298e-02 2.029273818440416599e-01 -1.291940476808652594e-01 2.449523501462995412e-01 -4.776263411178012785e-01 2.488733755604178310e-01 -1.394738646415662475e-01 -2.613771394691477568e-01 -8.422430050095414122e-02 6.877653571130323829e-02 2.478377822917019191e-01 1.891890515135795370e-01 3.251964842033253089e-01
2.241133879765803694e-01 -2.292398386888159778e-01 -1.277095515937757371e-03 -4.477598599439401063e-03 -1.677192520330403336e-01 -2.581669877426360227e-01 2.644282864407805911e-01 3.988136632086270242e-03 5.536335353418046779e-02 2.561600658630037719e-01 1.820539688591670535e-01 1.326069478615399810e-01 -2.443732672413386209e-01 -5.800819143812289136e-01 -4.131600258619257393e-01 -1.145930011102439944e-01 -3.245155812262730949e-02 1.788069342976573162e-01
2.384374199278364581e-01 -2.659792104322733497e-01 1.426547849681876756e-01 -2.266381593465207900e-01 -1.263265462880497902e-01 -2.789033869200842619e-01 2.947476645142335094e-01 5.033840061039512176e-02 -2.799172354793339479e-01 -2.893230424223811603e-01 -2.502295165869038995e-01 4.172844838692865155e-01 8.385345727075567412e-02 1.914809305029889150e-02 3.775515318495897277e-01 -1.171152288222879895e-02 2.528289695050619512e-01 -6.874797136116150842e-02
2.530800192447877905e-01 1.414214179767982194e-01 5.502659921979188157e-02 -5.948825841004753423e-01 -3.676658367113557757e-01 6.238073124710791229e-02 -6.679079709903462669e-02 2.429024414356772965e-01 -4.188225504943796779e-02 2.465792709840426422e-01 9.860625492474676956e-02 -4.500520596267539863e-01 -1.079287850494794060e-01 2.990469470814122177e-02 1.107141871726041310e-01 7.836328763736053610e-03 1.562007961759468710e-01 -1.800527353273404518e-01
2.381000645317631059e-01 4.445621599222604470e-01 7.552106598700003559e-02 1.990103479789537833e-01 -3.007986780194283338e-01 -4.486035574034610285e-01 -2.228505239929200535e-02 -3.649689175698570542e-01 -2.807234142928652018e-02 -8.120159001766771856e-02 -3.097537633497448040e-01 -1.716016346897692169e-01 4.313577946460583207e-02 -3.373546168797076500e-02 -4.609834708615970916e-02 2.155550343402120317e-01 -2.787362431142341168e-01 -1.135006260742501688e-01
2.318585495120135398e-01 -1.697138101969553406e-02 -1.000936199836891249e-01 -1.456388081494252307e-01 2.342389778407073450e-02 5.948184808714011007e-01 1.980291157349686471e-01 -5.220443039262079310e-01 -2.340160634002407536e-01 2.051868440211165601e-01 -3.292801406528106933e-01 5.538945113996155550e-02 1.503080778773485844e-02 1.393516722114883540e-02 -1.573110091921033071e-01 5.288497329973362165e-02 4.734717915747685413e-02 1.002830648687344783e-01
2.607626211422617857e-01 2.868763245803024331e-01 -2.125220842541335475e-01 -1.820456956063611076e-01 3.199594998754713981e-01 -1.780587861475971534e-01 -2.284000906851938739e-01 1.105171435380261288e-02 -2.631327980928750421e-01 1.361261579730550508e-01 1.551485280143165835e-01 4.015474391179610913e-01 -3.377347772417584881e-01 2.900847169420798233e-01 -1.297900106998339798e-01 -2.171498507436715741e-01 -1.700509868043501849e-01 -1.442893751531653668e-01
2.156484863081240266e-01 -6.791852985277796462e-02 -5.743401745498394328e-01 3.964392994138980497e-01 -3.519613202110989936e-01 1.222390620466513866e-01 1.468450977801458446e-01 7.248949405089906428e-02 2.491832508020623005e-01 -4.577153392010669536e-02 3.280095029528613121e-02 3.968064638667480326e-02 -3.220565379429384811e-01 2.096132582249317367e-01 1.558499365235989365e-01 3.115504417095306747e-02 1.889060644635592867e-01 -1.441298866938203194e-01
2.402879753506271254e-01 -6.666210918694485954e-02 -1.940004919045322795e-01 -1.548071257681293000e-01 -1.205440868268783383e-01 1.961271799964340312e-01 -1.346734344717382681e-01 2.619639895377434344e-02 1.006924973315010130e-01 -5.702748690143297772e-01 8.381356919246851778e-02 1.803408811355909809e-03 3.571874516323212956e-01 -1.524240343100856654e-01 -2.958558082928323119e-01 -3.202177039562879024e-01 -2.302009808552812620e-01 -2.610318313528460221e-01
2.420400548881730118e-01 -2.211518955040717160e-01 -5.227488476642591086e-01 4.891349639978272114e-04 3.660037503703326700e-01 -2.669024274388820395e-01 -1.006355630896578340e-01 1.652723756435220126e-01 -1.928890588933503403e-01 1.046797401938071581e-01 -1.916636620610219777e-01 -3.430037662723519065e-01 3.089999443958550418e-01 -6.651484472670741999e-02 1.411556966666900441e-02 1.572180723815592429e-01 3.818192463720450347e-02 2.185710976575430398e-01
2.327386815529565167e-01 -6.967432988848319686e-02 2.465839071998181253e-01 2.256370700703534682e-01 1.659640403535549980e-01 -1.472988340780677086e-01 1.403455419975704610e-01 -2.207367546836677963e-01 9.561358736491870625e-02 8.059885622157265950e-02 2.702176071474523752e-02 -3.369665501215909353e-01 5.655728446726690506e-02 2.498507845334628219e-01 3.086478538299027713e-02 -6.759923093159979635e-01 2.407383348581192128e-01 1.370385568543411488e-02
2.257102949204970455e-01 1.206463530031097742e-01 -1.663976648427535621e-02 3.493450038193141038e-02 7.111306044187482023e-02 1.748888908071380421e-01 -5.427347473091896635e-02 1.583056872843920104e-02 2.117793810164671220e-01 2.097091035090471456e-01 2.666807160914433025e-02 1.188046971501941218e-01 9.336463362872908511e-02 -3.416612001682846622e-01 6.590920571145361118e-01 -2.034542672273624564e-01 -4.162218856299586545e-01 1.265799496294719162e-01
2.349495404222726735e-01 1.801818727906318585e-01 1.603907797946255431e-01 2.509991461681750358e-01 3.102932647635653352e-01 1.119086260825655071e-01 -4.035186302480315602e-03 1.156646455832077702e-01 4.499907938397717383e-02 1.643733312350730280e-01 4.469363867723181311e-02 9.180240218060896351e-02 1.813161204681693339e-01 -3.039444669738314286e-01 -4.263754581107605246e-02 2.201278295883626612e-01 3.691292089215152394e-01 -5.917349956284967405e-01
2.502049309569636670e-01 1.179621253134425785e-01 2.335543820854255603e-01 2.352847649850597078e-01 -1.298350011622154687e-01 1.844286476799686381e-01 -4.810840869782792573e-01 3.512835559925662765e-01 -9.202729858067873470e-02 -1.265815664200868051e-01 -3.500447172647059846e-01 7.418119217698916634e-02 -1.638067287988959342e-01 -9.294210313224172959e-02 -1.172128729435896327e-01 -9.589372206829088752e-02 2.181691779614109428e-01 3.864370133730449242e-01
2.337890765175510144e-01 -4.140535517272239674e-01 2.960990403233600410e-01 8.269507745413418043e-02 2.152513322417316799e-01 1.085049678572272552e-01 1.248231064200429619e-01 2.092457709604152449e-01 3.135566685479772991e-02 -8.164613843841979357e-02 -1.882444439324308938e-01 -2.131481920689840825e-01 -3.581043299780485301e-01 1.632700379805525903e-01 -4.833855090103822416e-02 1.928361472421210865e-01 -4.765771477397680034e-01 -2.277207886362044298e-01
