2.310761284409876826e-01 -6.570371454323448157e-02 -2.547776252664068486e-01 7.296928929450038903e-02 9.709052449052135714e-02 -3.700122307339432509e-02 -1.226183837106839536e-01 1.772576168395883223e-01 4.273431209337428399e-02 9.301085856638725835e-03 -2.394786523584643834e-01 -1.291231802903683792e-02 -2.923082835119644729e-02 -1.358711075308495775e-01 -1.386431158704775068e-01 -1.212948131473231272e-01 8.315262191699459571e-01 -1.033654238781993168e-01
2.299084641743809609e-01 6.423466388301082852e-02 -3.099427321651712086e-01 6.888336081716718573e-02 1.868686578123094355e-01 -3.375396233986130423e-02 -8.314771524536222758e-02 5.490217429849640618e-02 1.156609737479137867e-01 9.915244068328263327e-02 -3.438373050810984988e-01 -9.782399004183622848e-02 1.170768246131319579e-01 -6.618494329240162122e-01 -5.351439726874170771e-02 1.584013147343550920e-01 -4.065222833714208228e-01 -1.582694181003667724e-02
2.357320123853123006e-01 4.324461861283385722e-01 2.526516913777940854e-01 -1.823622375932638928e-01 -1.223506094912606978e-01 9.374772133352293757e-02 2.002561681218121004e-01 4.303147709672682786e-01 1.614311836528078692e-01 -1.956956179361837508e-02 -4.176763424448894785e-02 5.638303784846537825e-01 2.475291629083600786e-01 -3.822297417505559486e-02 -3.673689028566449327e-02 -3.298906903351127295e-02 -2.218964125241073941e-03 -5.787839063732655789e-03
2.249492710734040113e-01 5.617703310446696685e-01 2.991351824855525282e-02 -1.112740398009398890e-01 -7.368975264841168271e-02 2.240089922908497511e-01 1.362884195404946985e-01 1.362624494341737602e-01 -1.130185386820508064e-01 1.716924774676572008e-01 5.648592330346288021e-02 -5.862856679783456926e-01 -3.531684095389648892e-01 5.085776459893508183e-02 -1.789147197937884445e-02 -9.937599455261787729e-02 -4.192783366556959539e-03 -3.289743519284724083e-02
2.323391253855577598e-01 3.476154391107080105e-02 8.792024607998792651e-03 -7.782138531492068098e-04 -3.841898538499597532e-02 -1.499270741805257094e-02 -7.217689743611334363e-02 5.631941878177279537e-02 -9.107199560484344203e-02 -1.292490619309079498e-02 1.433145723132251970e-01 -1.631699340323339575e-01 2.673736674297911287e-01 1.015945361354141235e-01 2.093554746609163908e-01 7.487403086987278744e-01 1.852842402999761717e-01 3.980493437003508883e-01
2.402190072131578369e-01 -2.058365194588597236e-01 7.446364443886814566e-02 -3.013828561112945337e-02 4.167805030161868957e-02 1.351501115949769183e-01 -1.334401572390719881e-01 2.856138392695576345e-01 -5.559668870560885434e-01 -5.594817810954577642e-01 2.725274660245492753e-02 5.165384606817673141e-02 -1.950479401017822800e-01 -1.589229995053695055e-01 2.040442448810742271e-01 -1.560244952789336670e-01 -1.035562478101923062e-01 9.250493908638243723e-02
2.473619632972554883e-01 -1.043170951772334071e-01 3.627762430627012313e-01 9.590811221639955475e-02 1.077745402169681954e-01 -6.701400405986996933e-01 3.889490156794424558e-01 -2.973017344268452655e-02 -2.763147174054619848e-01 2.511148163577972547e-01 -1.392366132492942610e-01 -3.832343105414327822e-02 -5.759325962987250219e-02 -3.739777254239142618e-02 4.572933605360007293e-03 -6.857318961314379235e-02 8.683238309256312640e-03 6.692252474428599107e-02
2.451024313291258749e-01 -7.080266012116713525e-02 5.509056988731744070e-02 6.453519530222473488e-02 4.531850580276526597e-02 -6.016793647889497748e-02 -9.965548325384872286e-02 6.138524234049939216e-02 -6.931677710818640037e-02 -1.810137422802588630e-02 1.902807102500282399e-01 -8.628716125164415107e-03 3.543512234578923698e-02 1.345754011490467861e-01 -2.161028463874372155e-02 3.186079946098500093e-01 -8.056944685985392707e-02 -8.597030561996492626e-01
2.269865096878818933e-01 2.357942920615825888e-01 -3.554275941904457281e-01 5.127069008931157273e-02 3.815605585558430324e-01 8.473373694286737146e-02 4.020181040803534889e-01 -4.854089038950411550e-01 -1.377481780470108386e-01 -2.098926585175312221e-01 2.886217067729400787e-01 2.320368277645334376e-01 2.896760529026257830e-02 2.217949948889726824e-02 -9.208156177431409128e-02 -2.191921584924563099e-02 5.016765303895446421e-02 3.052394849577075991e-02
2.566248244223189312e-01 -2.413506214516051296e-01 4.191231619011493437e-01 -7.685025425171916613e-02 1.547744743759169872e-01 1.948832014803302815e-01 2.299549089252959644e-01 -1.676168048728488846e-01 5.264720507963486229e-01 -4.040883509920975003e-01 -1.710001258928007806e-01 -2.815498313753330151e-01 3.424387164572489234e-02 4.362424758300964718e-03 -2.253453510406671495e-02 -9.916948213029148224e-03 2.528546961722348552e-02 -2.321715397975018629e-03
2.121091804567066808e-01 -2.176219188461959164e-01 -3.077440576068334321e-01 -6.244779901418130441e-01 -5.345067257378921521e-01 -2.144649448239579481e-01 1.426463197024225582e-01 -1.252649877147236079e-01 8.710986123553292326e-02 -4.590339234423522485e-02 1.572453098474863031e-01 -3.166296669189859470e-02 -3.271857726375104053e-02 -1.215120351984965014e-01 2.228430295016694748e-02 -4.683046322788042559e-02 -2.767730927523717483e-03 -3.581040436668760790e-02
2.351211732446728819e-01 3.451031620985519632e-01 2.402673118747117587e-01 9.421559215412643809e-04 -2.072002780475209749e-01 -1.607725104737099397e-01 -5.660475632334696083e-01 -5.380373805022364841e-01 -3.574405372107617579e-02 -1.265249739162293552e-01 -2.041066483695299361e-01 1.439059057619071769e-01 -7.707308724360500962e-02 5.881339981054595385e-03 -3.556427192443582103e-02 -3.677811960772390393e-02 2.032681271889248686e-02 2.363539803561754901e-02
2.382343631450742349e-01 -2.986161659802331614e-01 2.228134714173181097e-01 -2.043859797363115627e-01 1.420300089462439574e-01 4.836024067158468109e-01 -7.605608259217107314e-02 -2.046690466435877875e-01 -1.308394746111251894e-01 5.818782843484322509e-01 6.487536497062851293e-02 1.942909532727129518e-01 -7.787206730107511243e-02 -1.363052297893498910e-01 1.820265050200073897e-01 -4.296420449972995076e-02 5.718123894636004123e-02 1.959617250940856592e-02
2.361900279933140945e-01 -3.067011404011191818e-03 -1.569052072351346042e-02 1.006836050140444833e-01 6.144928705381453443e-02 -8.575347052156594152e-02 -2.372609965671576004e-01 5.432604384960557781e-02 3.742701320656524611e-02 7.663777033643963399e-02 3.628154225387869025e-01 -2.636881828555325269e-01 6.313265524894222658e-01 4.604365605620292651e-02 9.647265471546292992e-02 -4.890848354213410687e-01 -5.901822675071118768e-02 4.816385705062322525e-02
2.267779778861920559e-01 -2.020539331668104455e-02 -3.390069375811409769e-01 -3.325847594130672269e-02 1.128764964118139091e-01 -3.096588543025718607e-02 4.252928312919050701e-04 4.980482708683955928e-02 1.031130297866062195e-01 6.225278978647535988e-02 -4.544008195112629878e-01 7.227058683414025464e-02 -3.877223922003077139e-02 5.568116127336055765e-01 4.887096245505025971e-01 -1.009521486464569073e-01 -1.707065903089320658e-01 -5.337333740453504595e-03
2.364192862396299610e-01 -1.970675808025161291e-01 -7.670899400593067519e-02 -8.794383324996045415e-02 2.371749547009101289e-02 1.036505639369127429e-01 -9.994932645806746396e-02 9.962376142965635728e-02 -1.533719663027710567e-01 6.615628897791007990e-02 -1.413188331677495968e-01 -4.630508826956958833e-03 5.414700673042110307e-02 3.708783522249909370e-01 -7.733346583500293470e-01 3.469533469567772505e-02 -2.042805163514272992e-01 1.762829281138124926e-01
2.520974552458662421e-01 -7.087926402107731783e-02 -5.717399877612562575e-02 1.703961798787205495e-01 1.451444251386339035e-01 -2.175066280645252814e-01 -2.286782588829678331e-01 2.002660300890138911e-01 4.354451983255472336e-01 6.072658719292805402e-02 4.482060641770533871e-01 1.650501377562276772e-01 -5.167468201074438827e-01 1.351982626323534019e-02 -1.065864259816699453e-02 -1.532330400511587153e-03 -9.553066965617902639e-02 2.011477639401058892e-01
2.314219880727660106e-01 -1.254426831516413654e-01 -7.505864345127165327e-02 6.646249887426218805e-01 -6.015641509515455843e-01 2.237991085292870830e-01 2.356460367814492973e-01 -7.863004962921688046e-02 1.070045978246818123e-02 4.235915440599354043e-02 -2.241748255068763684e-02 5.659646849395128659e-02 -1.458380003580960274e-02 -2.402477387853744692e-02 1.033726263149475563e-02 -3.862412539979585835e-02 -3.651135372246040733e-02 1.828860011970569188e-02
