2.299504028231211250e-01 1.173372357155515015e-02 2.364433656683440910e-01 -1.155571613475398635e-01 6.174353366362565765e-02 8.445603113745026036e-02 9.096895001959462781e-03 -2.288100465267470518e-01 2.042508146521818668e-01 1.628387621935606377e-01 1.042015727167267120e-01 4.732355647974598872e-02 -9.792615587656375992e-03 -1.412261572909493668e-01 -1.098076223786000477e-01 7.432645800559127547e-02 -7.343830920235102644e-01 -3.950576500466034258e-01
2.288247873035876845e-01 1.227666141220385143e-01 2.238571881652184625e-01 -1.709164833853615006e-01 1.541097624655768661e-01 1.780709217711158934e-02 7.733875452992665378e-03 -1.181893487305869794e-01 2.725851126512904843e-01 2.746794375528314736e-01 7.441930481947889309e-02 -9.610991145249649092e-02 2.059912269579766975e-01 -6.206869746072746219e-01 2.596503745820561426e-01 -5.910913280761315863e-02 3.678350514163600815e-01 1.293108813136273072e-01
2.334357731614704612e-01 3.718419363651046528e-01 -3.007601499602253203e-01 2.188075625147108128e-01 -1.052708138498313802e-02 -1.511862048072932230e-01 -5.498262136029808955e-01 -1.904395100251950190e-01 8.785338670277256790e-02 -2.912750770888116944e-02 -4.174250333548690239e-01 3.380436096437381410e-01 -1.039162628256989733e-02 -8.920379742271766776e-02 -4.012937168860859771e-02 -2.130391769053228360e-03 -1.209971383767021640e-03 -2.445983942318812748e-02
2.243688387595536848e-01 5.285426898491529801e-01 -1.473128164688809749e-01 9.781718059923977249e-02 6.871277557180334450e-02 -7.663531507733144232e-02 -1.287608033398205676e-01 -8.307759996567913585e-02 -2.358750435248558597e-01 5.548628263571041242e-05 5.374813210251736528e-01 -4.772512894519401749e-01 -1.010123027301211979e-01 1.100436315015290156e-01 -8.081492915030312474e-02 -6.053350893273021921e-02 -3.287063817529701278e-03 1.204450589900373132e-02
2.316430934641655337e-01 1.452696590152230578e-02 -3.481217397954842335e-02 9.278837640980442183e-03 -8.705496469696037687e-02 -3.074795796049117208e-03 5.817187978403451365e-02 -5.959542823030779951e-02 -9.013281052845464880e-02 -2.041959955331450194e-01 2.551607346094622586e-03 -2.379867406151611742e-02 2.195127844582192567e-01 1.365991771589503134e-01 5.563848222537141064e-01 6.841273851601260558e-01 -1.207265932032804967e-01 1.445737406853795648e-01
2.425894271612412112e-01 -1.720403778902040159e-01 1.987237619682771100e-02 -8.669919566341032988e-03 3.664028009363032995e-02 1.478557615936048897e-01 -1.283693157337034881e-02 -1.807599324503587346e-01 -2.107003603845618300e-01 -2.964283117823860447e-01 4.465254974416329459e-01 5.756393926354492763e-01 -2.199173953453744390e-01 -7.306190085542069168e-02 1.924759548641212792e-01 -2.835557320044416185e-01 1.556955875541103998e-02 1.436472398925012772e-01
2.466506460776835274e-01 -3.181772258628419170e-01 -4.616705699738994362e-01 -4.120637154350604292e-01 1.054072995410177682e-01 -6.381855870761021787e-01 1.039416345093443911e-01 5.453737733131818442e-03 -3.373651240066995183e-02 9.501967431875067704e-02 3.156630683473865551e-02 -3.038280161246670330e-02 8.634483054439501606e-03 -3.225138189074599343e-02 -5.275554477228670130e-02 -4.575899674510448822e-02 -7.628926129312234294e-02 4.321003403981971830e-02
2.465413399686330609e-01 -9.211680562858505505e-02 -5.691352307428720891e-02 -6.864705039165963640e-02 -2.956593617748686301e-02 8.543277625313512591e-02 7.253748401147742941e-02 -6.970768410519513625e-02 -3.142527298670479835e-02 -2.286422429569200943e-01 -4.281631805817526226e-02 -5.691101265403129134e-02 5.545865320920022844e-03 7.448692217746510913e-02 2.405540786498691977e-02 3.814721648354180150e-02 4.452866851913653834e-01 -8.001602320502282373e-01
2.254373198142330947e-01 3.010366304348089939e-01 2.523743772892680926e-01 -2.340714342257764480e-01 4.647526097883596941e-01 -2.890838660787845363e-02 6.880512017674446368e-02 6.170362836512163218e-01 -1.485932317209773257e-01 -2.154598479008746903e-01 -1.562503731830052200e-01 1.716835873175872607e-01 2.233552063803348128e-02 2.176833598878789508e-02 -1.052079145014987865e-01 2.694701681971100812e-02 -5.091431166128612684e-02 4.680654080028984546e-03
2.547366896410056536e-01 -3.359558106127731869e-01 -3.076116527137576218e-01 3.765463639048220457e-01 1.591695980467644489e-01 2.605743145488743084e-01 -2.026061277861714027e-01 4.335649723780601317e-01 3.641768004464741582e-01 8.917154050527885401e-02 2.415900181151008075e-01 -5.598532843422397015e-02 2.340617869254330297e-01 5.884115270705850276e-02 -2.106017315707190904e-02 -3.007869212305431389e-02 -4.329680050819498943e-02 4.751432988046417998e-03
2.143429471543951692e-01 -1.259506845012766940e-01 4.492974403259469285e-01 5.681805852666428347e-01 -1.953177567089899869e-01 -5.681877961334017568e-01 1.024943960068924326e-01 1.071153264278405376e-01 1.552768308732567449e-03 -1.109302000701499619e-01 -7.118785209178650833e-03 -5.248975529094299097e-02 -3.875217129544446248e-02 -7.476532291139589836e-02 4.269667192213670755e-03 -8.624009556528856868e-02 -6.808728761068611130e-04 -2.948822099139939562e-02
2.357653200429395968e-01 3.255727705184270349e-01 -2.994685171808523227e-01 1.241041295295097074e-01 -3.918940342821403688e-01 1.387519039067559579e-01 6.485262984891637661e-01 1.527038765265822384e-01 5.269058594119978983e-02 2.115991887146528305e-01 -6.125752721204141826e-02 2.221325930870970966e-01 -3.359001423728025931e-02 -7.722714045737349986e-02 -8.393537692425911967e-02 -3.035281265853489660e-02 -1.528068803893497564e-02 2.564842015828983773e-02
2.390297234994946673e-01 -2.546138152621469919e-01 -6.135440394878978465e-02 1.929157010885041712e-01 1.757870744836046162e-01 2.499810243703249890e-01 8.073209593292027947e-03 -1.134438175326928089e-02 -5.833892872068568991e-01 2.959916594936644052e-01 -3.552195234350282727e-01 -2.408103516785706777e-01 -2.506508352049139909e-01 -1.836747942926916233e-01 1.422971838802349620e-01 -7.376701750582707884e-02 -9.385785178593672451e-02 1.685189728868123626e-02
2.358016224236193503e-01 -1.724512774114513383e-02 1.588315466613822100e-02 -6.342126905664190184e-02 -4.915662309769126825e-02 1.472366040732389081e-01 1.327047080271559210e-01 -2.444044046813861337e-01 -2.439802828109381011e-03 -4.029955512367743853e-01 -2.596197545340297452e-01 -2.493871825416809351e-01 5.210699419386537468e-01 1.236465098236982224e-01 -6.646037836496442031e-02 -4.467527354874810119e-01 -1.340276754039888829e-01 1.939280911489168202e-01
2.262125797237441727e-01 4.038850849846019331e-02 2.293014047251045462e-01 -5.511867246954415406e-02 1.431067401023183305e-01 -3.541559217769202350e-02 2.625780558330081255e-02 -1.434025338819368278e-01 1.508601921017716785e-01 4.805762860263960157e-01 -6.722200350282210579e-02 1.179017999907319980e-01 -3.982795452963611149e-02 6.909267825621925319e-01 2.085466889190117079e-01 -1.747068179565244295e-01 1.437025680322379373e-01 5.318979978730228875e-02
2.361220052930199931e-01 -1.571247984161608380e-01 1.435117195117637801e-01 4.323631467154613606e-02 7.458152309270103808e-02 8.426168522407863348e-02 2.328019148579723099e-02 -2.535708382868176458e-01 -1.512344259344655939e-01 9.338038821874088125e-02 6.903544709187667272e-02 1.284911371314258755e-01 1.631201201139212131e-01 3.486967901619798110e-02 -6.833603278137091452e-01 4.215504773962927554e-01 2.285367360649987467e-01 2.048993433409867226e-01
2.525889998338505249e-01 -7.011490868953181022e-02 1.964540119779194585e-02 -1.033303100348469533e-01 -1.245098818850338789e-02 1.256241393007746232e-01 4.365881696337730461e-02 -5.241482854448493295e-02 4.502571853989176254e-01 -3.014857334078334117e-01 -1.673208415543702976e-01 -2.696740147670032006e-01 -6.555766158779020580e-01 2.773959039546382288e-02 -8.062219642070678205e-02 9.776443196162062921e-02 4.544969926724602011e-02 2.379296736542578228e-01
2.347244466626367820e-01 -7.696758611755798174e-02 1.907732357603771634e-01 -3.656337172299709004e-01 -6.738882521903362122e-01 9.077705412729437928e-02 -4.045575525784190218e-01 3.137147680195861987e-01 -1.406585799268343651e-01 1.194852736773318047e-01 2.837950735904415031e-02 -4.864012683020909472e-02 1.663484550240929005e-02 1.643087835067479421e-02 -4.685692748084475945e-02 -5.025269874597242808e-02 5.496731309594600316e-03 4.379178437725747552e-02
