2.245046489208151752e-01 2.455905642911254960e-01 1.099202283429757121e-01 6.692046771254220316e-02 -8.154768876627149776e-02 6.982363631649626812e-02 4.254838486632273598e-01 3.842451245017652339e-01 1.055403684363015460e-01 1.610929578044289767e-01 1.098970433731758511e-01 1.724785849928625325e-01 4.204613141245607255e-01 3.683522521930525651e-01 -2.066997519033174080e-01 1.077231877463834114e-01 -1.513075099972616133e-01 2.527961152036228842e-01
2.240869738657426669e-01 -3.183822407894809636e-01 1.050957615974302678e-01 -1.906784613740546419e-01 -2.504049727744556142e-02 -1.325845755002178494e-01 -4.037696901383587278e-01 -2.650820432898531309e-01 5.740271064522994848e-01 1.676460374518047580e-01 9.324568731302891600e-03 2.295571453963283215e-01 1.482185521482861645e-01 2.256689301618828580e-01 -5.976957633872309605e-02 2.250876585047597855e-01 9.443516482804570344e-02 5.535725862713954809e-02
2.373593117163947108e-01 -2.022452767353137559e-01 1.471155367370738931e-01 2.632591984836478161e-01 -1.795659879077786958e-01 7.871256153912739584e-02 -2.051983158384726169e-01 -1.876070916970849767e-01 -4.652763558971642621e-01 -4.490171494406221264e-02 6.210720296800702478e-01 -6.193017619415327329e-02 1.083004306935041183e-01 6.803401442857201498e-02 1.203487481943427834e-01 2.124577443660188580e-01 -4.309147084630134128e-02 1.008264422574552815e-01
2.303645788093312274e-01 2.805379572361169638e-01 3.412494577467781870e-02 -1.793635434441834819e-01 3.512412297977022813e-01 3.199283471860429190e-02 2.029273656192159825e-01 -1.291940526967464142e-01 2.449523530905528546e-01 -4.776263283083005406e-01 2.488733901291247386e-01 -1.394738674451385663e-01 -2.613771373391935438e-01 -8.422430826794502501e-02 6.877652943107977201e-02 2.478377713486259182e-01 1.891890496753579898e-01 3.251964930509357310e-01
2.241133879760192349e-01 -2.292398370883190484e-01 -1.277087907949283349e-03 -4.477595653425930564e-03 -1.677192575016457354e-01 -2.581669880536402450e-01 2.644282878136106074e-01 3.988126240117695516e-03 5.536334226653520652e-02 2.561600612535635535e-01 1.820539649230606127e-01 1.326069501570028009e-01 -2.443732721780258743e-01 -5.800819157922559866e-01 -4.131600274150511454e-01 -1.145930202163169542e-01 -3.245155275796415134e-02 1.788069153146751855e-01
2.384374199283705587e-01 -2.659792062505398902e-01 1.426547988374567699e-01 -2.266381577946836312e-01 -1.263265483208548257e-01 -2.789033855054640632e-01 2.947476696815815589e-01 5.033840113454670501e-02 -2.799172306353723827e-01 -2.893230642066830782e-01 -2.502295064014891102e-01 4.172844717914583890e-01 8.385346585980661682e-02 1.914809886580311898e-02 3.775515334009681978e-01 -1.171152218617238158e-02 2.528289697418202864e-01 -6.874796039924851998e-02
2.530800192446753805e-01 1.414214088570293071e-01 5.502659286246604220e-02 -5.948825848104228875e-01 -3.676658392627702443e-01 6.238074597230092166e-02 -6.679080150394681170e-02 2.429024387490290871e-01 -4.188226224578436158e-02 2.465792712152008737e-01 9.860625630728729607e-02 -4.500520532019537945e-01 -1.079288048218697837e-01 2.990470020552966554e-02 1.107141898828452181e-01 7.836331704281808419e-03 1.562007993371856418e-01 -1.800527297759819678e-01
2.381000645319670816e-01 4.445621740416841328e-01 7.552104780095693359e-02 1.990103358805327127e-01 -3.007986740980806428e-01 -4.486035532176416152e-01 -2.228505424371899149e-02 -3.649689097050565767e-01 -2.807235106104362388e-02 -8.120159547436925362e-02 -3.097537674531865015e-01 -1.716016431796114350e-01 4.313577796778256257e-02 -3.373546957678818375e-02 -4.609834719869975589e-02 2.155550395788608520e-01 -2.787362371837651676e-01 -1.135006284213769534e-01
2.318585495120795426e-01 -1.697139143664573233e-02 -1.000936173834628129e-01 -1.456388180623626183e-01 2.342390363619866953e-02 5.948184818236770255e-01 1.980291072709684519e-01 -5.220443091819473302e-01 -2.340160412111501609e-01 2.051868280729942651e-01 -3.292801540337204624e-01 5.538946420814822719e-02 1.503081842957511988e-02 1.393516515498174554e-02 -1.573110111285656032e-01 5.288496989901944612e-02 4.734717785525965894e-02 1.002830649622976078e-01
2.607626211422416351e-01 2.868763093525578678e-01 -2.125220925544467621e-01 -1.820456985972992991e-01 3.199594936421464864e-01 -1.780587815389496065e-01 -2.284000945120958637e-01 1.105171520570302594e-02 -2.631328063281537788e-01 1.361261550815770216e-01 1.551485244160287214e-01 4.015474567967293185e-01 -3.377347642855602072e-01 2.900847213717718809e-01 -1.297900075103553541e-01 -2.171498397295275606e-01 -1.700509915124708005e-01 -1.442893805132973439e-01
2.156484863081128966e-01 -6.791854478916430071e-02 -5.743401792109064097e-01 3.964393024082294437e-01 -3.519613082012760796e-01 1.222390563702232535e-01 1.468451053335250167e-01 7.248948647452239935e-02 2.491832462904821910e-01 -4.577153630836410664e-02 3.280094311747045605e-02 3.968064321072087980e-02 -3.220565407213186737e-01 2.096132631810140312e-01 1.558499385432729478e-01 3.115505034789527172e-02 1.889060641367094617e-01 -1.441298761448778221e-01
2.402879753503192328e-01 -6.666212175419378161e-02 -1.940004933253172692e-01 -1.548071183368906201e-01 -1.205440791005250450e-01 1.961271733264380035e-01 -1.346734380099383344e-01 2.619640632262086599e-02 1.006925113084735646e-01 -5.702748659961995870e-01 8.381357957156697347e-02 1.803389519839633222e-03 3.571874545421964142e-01 -1.524240269219085675e-01 -2.958558023796879488e-01 -3.202177006279778304e-01 -2.302009770959009272e-01 -2.610318499450364760e-01
2.420400548881438130e-01 -2.211519163881848771e-01 -5.227488289643947850e-01 4.891327630063799529e-04 3.660037507288205760e-01 -2.669024255273544366e-01 -1.006355619216335318e-01 1.652723861073537026e-01 -1.928890710136614839e-01 1.046797553220669419e-01 -1.916636658768651469e-01 -3.430037676230458521e-01 3.089999406410309790e-01 -6.651485156129376131e-02 1.411556558577458861e-02 1.572180656348494410e-01 3.818192326062322395e-02 2.185711007931762928e-01
2.327386815526583108e-01 -6.967431266908320764e-02 2.465839110173303483e-01 2.256370672169946412e-01 1.659640415110628098e-01 -1.472988358718479163e-01 1.403455372964391434e-01 -2.207367575071154664e-01 9.561358201404475399e-02 8.059886781622972729e-02 2.702175857130875020e-02 -3.369665517317875780e-01 5.655727870310241212e-02 2.498508037182639030e-01 3.086478977714359265e-02 -6.759923070211719676e-01 2.407383206707077172e-01 1.370385121516233193e-02
2.257102949207202836e-01 1.206463504071698806e-01 -1.663977203621362644e-02 3.493449803304698315e-02 7.111305537463168125e-02 1.748888845006390524e-01 -5.427347357250180554e-02 1.583056989354043181e-02 2.117793852041041369e-01 2.097091065255047293e-01 2.666806934553275082e-02 1.188047010583562074e-01 9.336463429129823743e-02 -3.416612041725642923e-01 6.590920562522158965e-01 -2.034542672819818765e-01 -4.162218859799741710e-01 1.265799406923439618e-01
2.349495404223171380e-01 1.801818814581494232e-01 1.603907743317658785e-01 2.509991408620663722e-01 3.102932591074009649e-01 1.119086237445292981e-01 -4.035181015374251882e-03 1.156646452882342108e-01 4.499908208707733420e-02 1.643733396840202088e-01 4.469364013024162280e-02 9.180240628188174323e-02 1.813161245891420081e-01 -3.039444552012276479e-01 -4.263753762291038613e-02 2.201278299605217703e-01 3.691292295077414631e-01 -5.917349893179426612e-01
2.502049309573340929e-01 1.179621400481795646e-01 2.335543786760114759e-01 2.352847711138311981e-01 -1.298349999291597556e-01 1.844286544186480026e-01 -4.810840717350710616e-01 3.512835671041303343e-01 -9.202729469292773856e-02 -1.265815756304577988e-01 -3.500447153988974769e-01 7.418119835273229157e-02 -1.638067255468785011e-01 -9.294210395411187098e-02 -1.172128776951092272e-01 -9.589373637810480466e-02 2.181691704850254598e-01 3.864370121010866077e-01
2.337890765166086848e-01 -4.140535356671030121e-01 2.960990598688445496e-01 8.269508512467385608e-02 2.152513389927133425e-01 1.085049682862691683e-01 1.248231103903617578e-01 2.092457666306366815e-01 3.135566718767140298e-02 -8.164613798909725606e-02 -1.882444383351248030e-01 -2.131481852659797005e-01 -3.581043347195478899e-01 1.632700290899617435e-01 -4.833854963415645800e-02 1.928361620536475363e-01 -4.765771431546882986e-01 -2.277207922050668853e-01
