-2.291784515680988787e-01 4.925972814006032534e-03 2.472556734034937198e-01 7.791585325917463334e-02 -1.368254818895013325e-01 5.884746513273396602e-03 1.613948569600022476e-01 2.056598880690323483e-01 -1.378726146258314189e-01 8.792027188552491157e-02 2.150700634389998422e-01 2.027483089589050824e-02 6.971907562994617003e-02 2.147833572412503056e-01 1.981268767128653921e-02 -2.389744818593633191e-01 7.327624326943031896e-01 -2.725926893576908761e-01
-2.285175212876225936e-01 1.201154020004046030e-01 2.290362111131924172e-01 9.950571532612759174e-02 -1.876129270208785893e-01 -8.987959166133145661e-02 4.953301054828934680e-02 1.329543008248944835e-01 -1.182859369357953105e-01 2.467227756661778959e-01 2.644518056011591067e-01 -2.333869247862124796e-02 -2.377018732921801908e-02 5.584293313330613850e-01 -3.452012093812381055e-01 1.899185503411074394e-01 -4.354915232367164712e-01 7.034529879586301493e-02
-2.340288086715813509e-01 3.860527878264848334e-01 -2.964256680074850991e-01 -2.087346169371698257e-01 1.549523066637171487e-01 7.247341531665327241e-02 -1.092630729692594532e-01 5.584727559799984586e-01 8.586296982852688331e-02 7.321856382948463415e-02 -2.351014854804763521e-01 4.754181523114739960e-01 -1.121404102577066159e-01 5.644697238760051222e-02 3.860214336327048162e-02 -1.761909564756317451e-02 -8.172898308769256312e-03 -2.228802216983383731e-03
-2.259038067489885504e-01 5.130679844630230413e-01 -1.143358921841804154e-01 -1.330790460435125888e-01 4.782812461660391340e-02 -1.198343345940961445e-02 -9.307018938904737526e-02 8.491007009807191586e-02 2.203152557034308567e-01 -5.852611601800298408e-02 1.105978750703596747e-01 -7.080884500231684475e-01 2.363953103182678539e-01 -8.809446676911256158e-02 3.312279469534350901e-02 -7.647432815352361857e-02 -9.766869803842604530e-03 -1.932865317914032877e-02
-2.320706858399300965e-01 3.772790703647795757e-02 -1.817499513333830502e-02 1.466591908167843780e-02 4.942516950073441717e-02 2.621101763571398804e-02 1.270939618874351584e-01 -6.902258418062061363e-02 1.847168933837299576e-02 -5.890626488159615010e-02 -1.180844879280887050e-01 -1.273552018627074067e-01 -3.452749149987095478e-01 -1.242476577240131941e-01 -2.133123409023117145e-01 7.282939058071125071e-01 3.679809668890030028e-01 2.004411968619214390e-01
-2.409490151799629776e-01 -1.783823117425080429e-01 -1.714616960419002110e-03 -2.297757069221071161e-02 -7.483845418224413515e-02 6.076048659411858316e-02 2.030183828392907730e-01 1.592175253241306376e-01 1.708030372904949246e-01 -7.842526801822710114e-01 2.053220836484469514e-01 1.241645109573612099e-01 9.433999544280556593e-02 -3.998129404284179317e-02 -2.669085910688112628e-01 -1.352460146021426668e-01 -8.900533740434765639e-02 1.548579953578452240e-01
-2.476929848092877529e-01 -2.204961299083011417e-01 -4.760894230807867777e-01 5.426202153487162949e-01 2.851362051357783090e-01 -4.899535558647345468e-01 -1.158390520369019100e-01 2.698487145135288617e-02 2.082847144817694812e-02 6.649233872175618065e-02 1.269760281405730162e-01 -3.343277749220480155e-02 1.315255945375969071e-02 3.943057808626408700e-02 1.254653606533313523e-02 -6.965458814211267224e-02 4.475379041302064709e-02 5.091398569372464905e-02
-2.459369339891571415e-01 -7.808007319351731312e-02 -5.332330294637750018e-02 7.949932544450943883e-02 -3.759161058367499475e-02 2.823769065720628871e-02 1.533721534286635046e-01 -3.564252478110115779e-02 -4.706865784613529363e-02 -1.067007074734046407e-01 -1.948655923782514898e-01 -4.512178710320247088e-02 -6.195283463886707559e-02 -1.175045446626312162e-01 -4.110805896220604168e-03 1.633721052585347944e-01 -2.599743462783731252e-01 -8.553961308193178681e-01
-2.263513367953103317e-01 2.781407440164965217e-01 2.718161533225957327e-01 1.135068503688169972e-01 -3.540347921775862106e-01 -3.543066541734968267e-01 -4.913480422966036154e-01 -3.270049542143153021e-01 5.355454259320190785e-02 -2.427684825684666148e-01 -2.516111373124688688e-01 2.137511317541908318e-01 -8.148743227780910411e-03 2.028022091959665041e-02 1.013231464454169700e-01 -1.835472933369353826e-02 5.807981887016704092e-02 1.222396518428086644e-02
-2.548739815570896794e-01 -3.694030426079712437e-01 -3.387488629455576716e-01 -4.087176984144402780e-01 -2.610150949990571734e-01 1.682949715139666902e-01 -4.725503829144377388e-01 -1.198514695968039973e-02 -3.728120004320384928e-01 1.010650312453543510e-02 1.312789232305331677e-01 -1.525200072074660018e-01 -1.180041150166390718e-01 3.671194891109481884e-02 -1.225389150774892910e-02 -3.336987872689610446e-02 2.573707559078485321e-02 9.686615698405207781e-03
-2.138938687510862913e-01 -1.612908373804461393e-01 4.074956195522202451e-01 -3.646892667548709555e-01 7.184415710083179585e-01 -1.992509866689734510e-01 -1.299235500965816026e-01 -9.132324700807112339e-02 -1.104539406588324890e-01 -4.319920820562605374e-02 -1.035204048867622711e-01 -3.003728280613441812e-02 3.570713619398294125e-02 9.241726228746224847e-02 -8.360287064155819126e-02 -6.762667888525290827e-02 -1.892179379473150208e-02 -2.612806429544814457e-02
-2.367475141386632120e-01 3.366149158909438333e-01 -2.733046777874053590e-01 -1.026972280163237355e-01 1.493041126099118598e-01 1.819592706377810287e-01 2.614682936771052790e-01 -6.276959820715179994e-01 -1.754623389671528810e-01 2.740955160692294668e-02 3.030796536907426342e-01 2.990272141759379165e-01 7.701141075441135520e-02 4.581715386287021213e-02 5.884613152688268622e-02 -5.558610973187728260e-02 3.380316026715032927e-03 1.493616795163031120e-02
-2.391851714105740767e-01 -3.024167699706301060e-01 -8.100614101468596451e-02 -2.596489441868624626e-01 -1.820924692111275389e-01 -4.849216962030185318e-02 1.082897248097890314e-01 -1.874053291046014480e-01 6.462898548262430154e-01 3.632037843664792098e-01 -1.660195819496393388e-01 9.244707790375245038e-02 2.555928564876148723e-01 2.774069181822071128e-02 -1.919374878011984864e-01 -4.439356415418994201e-02 6.475598710534283264e-02 1.343469044740449453e-02
-2.360282429784400227e-01 1.628348156590247661e-02 1.966187171219544588e-02 7.390437278840406021e-02 -8.447205178668808212e-02 3.632156321986004799e-02 3.076226236121381574e-01 -8.996448531559210482e-02 -9.561096500553700750e-02 7.763585727833387240e-02 -3.927332887709794051e-01 -2.158810142586360670e-01 -5.406982468943387632e-01 -1.073370513504414391e-02 -6.523269090065735021e-02 -5.151885357092466089e-01 -8.955810555481670543e-02 2.020375521471883540e-01
-2.264911875022599663e-01 1.922451669824947959e-02 2.631288938516045395e-01 -1.026997342845670583e-02 -8.626817282281543098e-02 -1.423804111276896489e-01 -2.000295044105258099e-03 1.392651488990426234e-01 -6.546767796579813781e-02 2.814893264657167826e-01 3.799296669879593802e-01 1.442332910367055965e-01 -7.855459634908938671e-02 -7.397421719820459485e-01 -5.583298093073008062e-02 -5.237123226360561323e-02 -1.447379007525212979e-01 5.482903341032399624e-02
-2.358431668729826791e-01 -1.689932265610817608e-01 1.240574709826027106e-01 -8.929194593017107662e-02 -4.693423307843654774e-02 -3.955032901275111479e-02 1.798716032235128659e-01 7.680441513642165263e-02 1.798812376481881969e-01 -4.549801720951121564e-02 1.562593444256407949e-01 -3.307611603476289658e-02 -1.486032047730216910e-01 1.579664969709279609e-01 8.266821936367697576e-01 1.658687855406929812e-01 -1.370224694000529986e-01 1.173477173144329977e-01
-2.517874879601391114e-01 -7.461797742553105683e-02 2.840790520341714490e-02 1.206289370853905335e-01 -8.826733623138428853e-02 7.018684428536986486e-02 2.026828009451389634e-01 9.513773567056359182e-02 -4.346791617664352847e-01 4.976668591406994968e-02 -4.150920531442461314e-01 -1.846671044778855006e-02 6.219753388139924732e-01 -1.146601170337743225e-01 1.094271049013535863e-01 1.101934834255761247e-01 -5.468394451530445705e-02 2.483051003837521142e-01
-2.333949964782940645e-01 -7.714544914373624995e-02 1.840184340337282787e-01 4.497326100502159196e-01 1.984291864795786065e-01 6.958163813488053018e-01 -3.561146463401460571e-01 -4.284147739265310728e-02 2.041050854189675468e-01 6.999759014522377587e-02 1.122221893648089365e-02 1.348639382865622627e-02 1.890758354530105555e-03 -8.775424325565316444e-03 2.191935029126590093e-02 -3.893881471480888784e-02 -3.144801147387251555e-02 3.650915757574470233e-02
