2.310761284410880745e-01 -6.570371478114994668e-02 -2.547776251363642053e-01 7.296928891151906182e-02 9.709052533704057297e-02 -3.700121867594298453e-02 -1.226183839911186291e-01 1.772576169375962851e-01 4.273431232993672030e-02 9.301085337055909827e-03 -2.394786520267136731e-01 -1.291231494304044894e-02 -2.923083026794065856e-02 -1.358711075937717727e-01 -1.386431160947077801e-01 -1.212948106707084917e-01 8.315262192254606610e-01 -1.033654265931846922e-01
2.299084641743566748e-01 6.423466358897535200e-02 -3.099427321093287668e-01 6.888336077566306614e-02 1.868686580502874617e-01 -3.375395906812235503e-02 -8.314771597889394905e-02 5.490217437288850977e-02 1.156609741670374114e-01 9.915244045920146299e-02 -3.438373055993067529e-01 -9.782398914317293193e-02 1.170768182998744716e-01 -6.618494351503287909e-01 -5.351439321933252474e-02 1.584013111862256351e-01 -4.065222834294359711e-01 -1.582694030313265901e-02
2.357320123849287186e-01 4.324461864465051208e-01 2.526516907356280428e-01 -1.823622366002972672e-01 -1.223506111512426831e-01 9.374771698738179615e-02 2.002561703202233312e-01 4.303147705587931360e-01 1.614311838968563451e-01 -1.956956228279240276e-02 -4.176763320990984490e-02 5.638303715160801755e-01 2.475291797737596555e-01 -3.822297161572619367e-02 -3.673689087450960483e-02 -3.298906805488963784e-02 -2.218964551177923534e-03 -5.787838843306173167e-03
2.249492710729698586e-01 5.617703310988608756e-01 2.991351763606833747e-02 -1.112740394499165397e-01 -7.368975351111235750e-02 2.240089906442865320e-01 1.362884256601158417e-01 1.362624481504326746e-01 -1.130185389786755590e-01 1.716924786337262199e-01 5.648592167586049401e-02 -5.862856575348691646e-01 -3.531684254643130960e-01 5.085776331257355759e-02 -1.789147183090772711e-02 -9.937599542888855830e-02 -4.192782919714068725e-03 -3.289743546744570285e-02
2.323391253856172123e-01 3.476154385093104676e-02 8.792024530765461809e-03 -7.782136885030404259e-04 -3.841898552762142843e-02 -1.499270619800070932e-02 -7.217689789100621700e-02 5.631941913812919115e-02 -9.107199555119828427e-02 -1.292490715701687630e-02 1.433145702934405519e-01 -1.631699439745091518e-01 2.673736621083901421e-01 1.015945328168589429e-01 2.093554755070349271e-01 7.487403086910318084e-01 1.852842395502311557e-01 3.980493449277039963e-01
2.402190072131570320e-01 -2.058365191415973405e-01 7.446364492262984303e-02 -3.013828626847396205e-02 4.167805139898722588e-02 1.351501179348305326e-01 -1.334401518347237137e-01 2.856138380595794612e-01 -5.559668850197736489e-01 -5.594817830158188565e-01 2.725274814394480424e-02 5.165385180072620125e-02 -1.950479384991196663e-01 -1.589229976349961493e-01 2.040442458735915732e-01 -1.560244977469929517e-01 -1.035562466987923480e-01 9.250493913774575361e-02
2.473619632970444349e-01 -1.043170945179334314e-01 3.627762434397116542e-01 9.590811037377598713e-02 1.077745430912815244e-01 -6.701400499723971782e-01 3.889490001240408779e-01 -2.973017152861877344e-02 -2.763147175339252248e-01 2.511148135440628981e-01 -1.392366148482004073e-01 -3.832342994177773826e-02 -5.759326035243101521e-02 -3.739777258168630603e-02 4.572933903862402838e-03 -6.857319059991207055e-02 8.683238884256346338e-03 6.692252461188810675e-02
2.451024313286494227e-01 -7.080265985216975533e-02 5.509057025906793220e-02 6.453519500413912313e-02 4.531850667466092580e-02 -6.016793435511037791e-02 -9.965548462478730773e-02 6.138524302072163874e-02 -6.931677768372629389e-02 -1.810137456495272343e-02 1.902807103790631338e-01 -8.628718823236432647e-03 3.543512206331297237e-02 1.345753992366049145e-01 -2.161028459958312317e-02 3.186079969088833064e-01 -8.056945035185211768e-02 -8.597030550162563234e-01
2.269865096875428589e-01 2.357942922025559052e-01 -3.554275940301726000e-01 5.127069013658588914e-02 3.815605580476046366e-01 8.473372709389644097e-02 4.020181056041476353e-01 -4.854089053470448945e-01 -1.377481769181827798e-01 -2.098926572656050760e-01 2.886217075640344354e-01 2.320368260745844513e-01 2.896761431131640238e-02 2.217950105033787353e-02 -9.208156233130299073e-02 -2.191921503446713285e-02 5.016765263866674457e-02 3.052394857003556602e-02
2.566248244227395947e-01 -2.413506212204041268e-01 4.191231618944297188e-01 -7.685025354934314767e-02 1.547744717116187885e-01 1.948831981672627389e-01 2.299549133150063651e-01 -1.676168072563393174e-01 5.264720539413024758e-01 -4.040883480444883991e-01 -1.710001254631430823e-01 -2.815498304727161449e-01 3.424386127639122285e-02 4.362423050219996386e-03 -2.253453504794201978e-02 -9.916947594162277280e-03 2.528546977901650894e-02 -2.321715903503540016e-03
2.121091804572956263e-01 -2.176219194080966091e-01 -3.077440579479666094e-01 -6.244779904012129901e-01 -5.345067246791015414e-01 -2.144649491762167237e-01 1.426463143905385422e-01 -1.252649866833381864e-01 8.710986081195326580e-02 -4.590339117936236002e-02 1.572453107833746977e-01 -3.166296552698692063e-02 -3.271857838052037032e-02 -1.215120352800611037e-01 2.228430366057502013e-02 -4.683046382998411195e-02 -2.767730755790576321e-03 -3.581040459616223470e-02
2.351211732446708835e-01 3.451031620291779567e-01 2.402673111558193408e-01 9.421557701101172452e-04 -2.072002782193956838e-01 -1.607725000206293442e-01 -5.660475681823606831e-01 -5.380373788294746662e-01 -3.574405384390956508e-02 -1.265249748407982766e-01 -2.041066466505638000e-01 1.439059082545470769e-01 -7.707308479252282518e-02 5.881339963600138235e-03 -3.556427186306801436e-02 -3.677811979620203980e-02 2.032681297501955434e-02 2.363539781637759296e-02
2.382343631447106647e-01 -2.986161652617643769e-01 2.228134721058050716e-01 -2.043859787742030032e-01 1.420300071088176352e-01 4.836024072046548605e-01 -7.605607179489683178e-02 -2.046690475012516997e-01 -1.308394773609096728e-01 5.818782858140638670e-01 6.487536465791218787e-02 1.942909578229413126e-01 -7.787205941569548540e-02 -1.363052261009219945e-01 1.820265048527994756e-01 -4.296420461779614647e-02 5.718123889408228966e-02 1.959617269058510497e-02
2.361900279939357916e-01 -3.067011814255967903e-03 -1.569052084535444216e-02 1.006836046883604480e-01 6.144928722255503517e-02 -8.575346419654794605e-02 -2.372609984477080103e-01 5.432604430660817330e-02 3.742701320840248480e-02 7.663776978529658612e-02 3.628154173688700190e-01 -2.636882035111898226e-01 6.313265479216781939e-01 4.604365636961083724e-02 9.647265348228355186e-02 -4.890848348727522277e-01 -5.901822484321567891e-02 4.816385554236032179e-02
2.267779778867491935e-01 -2.020539391120304215e-02 -3.390069376190400496e-01 -3.325847567689767942e-02 1.128764959440060195e-01 -3.096588512686545419e-02 4.252916675943118133e-04 4.980482704954719564e-02 1.031130304241418827e-01 6.225278864406567220e-02 -4.544008197317399578e-01 7.227058764821896186e-02 -3.877223782992739176e-02 5.568116157181232095e-01 4.887096214353004453e-01 -1.009521473045531664e-01 -1.707065899659146735e-01 -5.337333858198843248e-03
2.364192862398674655e-01 -1.970675809317076199e-01 -7.670899375760130423e-02 -8.794383287825714712e-02 2.371749487243288851e-02 1.036505658060999507e-01 -9.994932424194123699e-02 9.962376142072787433e-02 -1.533719663745751749e-01 6.615628703635889618e-02 -1.413188342130609343e-01 -4.630512700818791710e-03 5.414700629364745110e-02 3.708783478317404514e-01 -7.733346601508813700e-01 3.469533707730008965e-02 -2.042805168880226785e-01 1.762829286400302842e-01
2.520974552451669681e-01 -7.087926362791700796e-02 -5.717399826159062087e-02 1.703961789952856409e-01 1.451444273944148822e-01 -2.175066222611299338e-01 -2.286782638444131988e-01 2.002660318787420901e-01 4.354451961265315418e-01 6.072658994782117320e-02 4.482060681369411936e-01 1.650501506393997064e-01 -5.167468131932010378e-01 1.351982812489642416e-02 -1.065864210646751305e-02 -1.532332916714944154e-03 -9.553066915635613499e-02 2.011477647847993711e-01
2.314219880732156231e-01 -1.254426840983614011e-01 -7.505864407477479128e-02 6.646249898481835228e-01 -6.015641515044201082e-01 2.237990980957483833e-01 2.356460411476208883e-01 -7.863005006938608710e-02 1.070045833959047329e-02 4.235915537023782901e-02 -2.241748112434716750e-02 5.659646974770232014e-02 -1.458379952277871414e-02 -2.402477363061732152e-02 1.033726260466890333e-02 -3.862412548856095779e-02 -3.651135346758715983e-02 1.828859990915291181e-02
