2.292962575138729475e-01 -3.877463345428451558e-02 3.646421991522169614e-02 3.755579373205524679e-02 -3.379339029757409685e-02 -2.415861194042131371e-02 1.246951515292026441e-01 -7.269790148934489327e-02 -1.887608611495331101e-02 9.330621342625480819e-03 -5.053321420361393639e-03 5.398055451175479830e-02 -1.328613016506977884e-01 -2.374767165999982499e-01 -8.644992076182622665e-01 9.376662386397452420e-02 -2.787534902973686224e-01 -9.566241772152626888e-02 1.377520422622840329e-02
2.310113299684969368e-01 -7.052135309712465050e-02 1.206480857163887421e-01 -6.476360146742007884e-02 -3.504790620114252575e-01 -4.501781451051295457e-01 -7.483021303285962711e-01 1.854033013198418470e-02 1.266495081090821262e-01 -1.200534167510042688e-01 -8.107616151766871421e-03 -1.551492353180181083e-02 6.138573050701649075e-02 1.810227648562405880e-02 -3.715539366403879107e-02 -2.400797236785092575e-02 -2.693219381052474465e-03 -6.552256404102858173e-03 -1.587697147370422529e-02
2.334369076740574200e-01 -5.025519752759258912e-02 5.621983694924810593e-02 1.294749939563496210e-01 -1.171550595930708483e-01 8.507317365612083737e-01 -4.033840327089004418e-01 -1.042405358711090586e-02 -1.162392374248108901e-01 2.327496056742769590e-02 -4.409983480135502149e-02 -3.875358841708755053e-02 -8.717397710488961060e-03 6.251130880855412797e-02 -2.269317755428815198e-02 2.067534288045147495e-02 1.783098651244072533e-02 -3.488342347938954736e-03 -1.975152252361337107e-03
2.325553607880101736e-01 1.121189414054068675e-02 5.766994098136152269e-02 -9.038435739924077783e-01 3.314266974508578989e-01 8.733649086714427578e-02 -4.813357335686570260e-02 2.462229810814729053e-02 -2.318467362699631537e-02 -1.783355402141553747e-02 -5.802909739010179979e-02 7.061043095722078188e-03 1.049552483743927678e-02 1.929644764447924557e-02 -3.582040922182695101e-03 -3.153213183972035719e-03 -1.171599348169655858e-02 1.161403027221607695e-02 9.414997895375936190e-03
2.284982350435778575e-01 -3.191738848983668303e-02 6.785423788531375067e-02 7.749608144528709330e-02 -6.801151282535856935e-02 4.258516881013734573e-02 2.410127199201391179e-01 7.856551898975212833e-02 3.668577025772352118e-01 -4.697516069419557239e-01 -6.883999448439948043e-01 -8.709056874590680175e-02 1.067395438201970553e-01 7.915834345761958712e-02 1.817327453228917422e-02 2.043068591283154697e-02 6.334373570850122814e-02 7.918975491887028650e-02 -6.539095151109910152e-03
2.293831941611531311e-01 -4.405732807176310911e-02 5.156119856608352287e-02 2.370607445257932877e-02 -1.560303970272202030e-02 -2.846406755584444601e-02 8.522662119480230170e-02 3.713472287752414558e-02 2.390883870998198116e-02 2.983904095994569308e-02 6.035760441857471181e-02 5.068049844521686775e-02 -1.442596731940883337e-01 -2.276417428940916143e-01 -5.595374619192981791e-03 2.022613780740258049e-02 7.275025419688956330e-01 -5.454804348499978639e-01 1.580384163860363012e-01
2.294306180384597937e-01 -4.158447007456534533e-02 5.566966294125036407e-02 3.820965307556951907e-02 -5.268107629692633104e-02 1.799449696539643165e-02 8.258872467447959942e-02 -4.503319596746234443e-02 5.927262320682082086e-02 6.000119004572957403e-03 2.661807947339314001e-02 5.475750598510764622e-02 -1.298579440781436334e-01 -2.849913585045675823e-01 2.490793010341943170e-01 -6.241338684377328860e-01 -3.588200250421761939e-01 -8.187667266728398952e-02 4.865695064164318739e-01
2.292788804155184990e-01 -3.490455909232352549e-02 5.228285680600163604e-02 3.511203046333531003e-02 -2.667599914143771803e-02 -2.277405001461949366e-02 6.284087932209946048e-02 -3.422085591810077737e-02 1.780068882171889633e-02 4.861500872526720168e-02 1.385376542071583561e-01 9.274512085433746222e-02 -1.730629576124066982e-01 -2.746222994856076238e-01 -6.466658703913523085e-03 6.973320538298674598e-02 3.512445528872674694e-01 8.100992631077541528e-01 1.245651044849125921e-01
2.295774297757449678e-01 -3.545669922099017185e-02 5.279182716301377559e-02 3.599672122940623942e-02 -3.520698294707589465e-02 -5.738726911598396319e-02 1.002149204015636702e-01 -9.445500190611619273e-03 9.303958373154680439e-02 -1.032998284490072027e-02 1.209646851366524972e-01 1.780989407772200217e-01 -6.620767239914651103e-01 6.504478733863771067e-01 4.679728748641678870e-02 5.443887132403741475e-02 -6.887038644186778413e-02 -2.306036631890258023e-02 1.789426590189536689e-02
2.233690284050476593e-01 -8.155186830640767659e-02 1.298913099364808477e-01 3.762074631510587408e-01 8.252264484268232447e-01 -1.466374311593648394e-01 -2.356045898233333213e-01 7.210793315854772956e-02 -9.628632334820176608e-02 -1.828036291713276348e-02 -5.596276976485431431e-02 -3.328084383443700653e-03 6.545443933373587542e-02 4.926414801600798032e-02 -6.661446099939432285e-03 -4.347230626758433886e-02 -1.321448223503544732e-02 8.407015739301412077e-03 -1.423220198996326229e-02
2.309885981357465701e-01 -4.933256100682541917e-02 1.003128087712328032e-01 9.297876580750307277e-03 -2.107602910421842723e-01 -1.310683144455177807e-01 1.626393937953734825e-01 5.780203760436367633e-01 -6.592376157346240273e-01 1.127116890180259595e-01 -1.655915265442184370e-01 -1.571566183103503822e-01 4.353005126647119943e-02 7.781758116015077831e-02 3.958879929591050534e-02 -1.386569295494196469e-02 -3.628849916238526679e-02 3.580670833432163247e-02 -1.335142690661278095e-02
2.290889337070301512e-01 -3.634960366354759997e-02 5.217425000271748436e-02 2.013403661247040177e-02 -4.222657399286237206e-02 8.424433632882130651e-03 9.979039349629935385e-02 -5.514969157923471643e-02 4.308742427006227033e-02 1.950818744284286976e-02 6.363564011390721031e-02 7.554591258409858179e-02 -1.341153405911406915e-01 -2.488561693958303289e-01 1.502652866183283586e-01 -3.026780696523335146e-01 -4.219233411476939338e-02 -4.062962716451430645e-02 -8.477515332230339817e-01
2.301618602144520076e-01 -3.843160068711233557e-02 5.047936724633252797e-02 3.192494585804814961e-02 -8.033451203095642867e-02 2.739680463488677886e-02 1.440241997877459712e-01 8.617105489033850818e-02 5.726494700540316757e-02 2.684197459251381102e-04 1.976562424015356756e-01 7.294532440041116006e-01 5.425899942261728226e-01 1.908393098404841670e-01 -1.946407096434636956e-04 1.954409959374541969e-02 -1.920244262894403239e-02 -1.508973194883681326e-02 1.889603650758677270e-02
2.297830977333752134e-01 -3.876708365583005772e-02 5.149663854050342410e-02 4.077959781446525989e-02 -6.114878254904333559e-03 -1.571365103973871441e-02 4.707754682450721734e-02 -9.925636186947229666e-04 5.147215003602042399e-02 -2.899487989207813129e-02 7.550878410343060676e-02 1.710398843875795410e-02 -9.494187345007629175e-02 -3.526477171560585266e-01 3.917737973443826127e-01 7.035872530691111848e-01 -3.546713567151715263e-01 -1.406428676072054018e-01 4.395895168739934883e-02
2.314442888207275117e-01 -5.014587204111147639e-02 4.920706259448726083e-02 2.642991398055839422e-02 -2.948531594848345302e-02 -1.362868923353795572e-02 9.548431140608036605e-02 1.028056344415344270e-01 4.609220839346869214e-01 7.275453020258384473e-01 -2.566791379571916817e-02 -3.358528284665123209e-01 2.067738051443482883e-01 1.447502433420405354e-01 -1.385543280909029042e-02 1.711104441929693631e-02 -2.128953685819081135e-02 1.366271947530799634e-02 -8.157554223325601305e-04
2.249491276836481091e-01 -2.616529976609907049e-01 -9.342677982237987955e-01 6.873328652818065827e-03 2.671155288889647331e-02 -4.185274743312909773e-02 -4.635004941491958907e-02 7.869815112782308289e-03 -3.606220964250082817e-02 -1.374181771850816261e-02 -2.745197687001454598e-02 -1.393389220414089497e-02 1.661530760561913400e-02 1.755142600609353037e-02 1.543824112477682961e-02 -7.295376957573238702e-03 2.162441725307207279e-03 6.114703674543092368e-03 -1.334279654121412481e-03
2.334000767123812214e-01 1.124216180686546905e-02 7.229453982245616361e-02 1.997729735300711462e-02 -8.292232544252042814e-02 -1.253332608333973253e-01 1.022494095478953952e-01 -7.866482643343415404e-01 -3.932906238716452063e-01 1.394835445606339430e-01 -2.118919626893426278e-01 -8.618853506597763670e-02 1.655812554848493379e-01 1.530487626548642233e-01 8.312638646629019745e-02 3.671537142893838146e-02 4.230119538799367168e-02 -9.123444955108713991e-03 2.207848189205983969e-02
2.285404994977413007e-01 -5.065513566272551726e-02 6.013166842823180341e-02 1.804201584576129586e-02 -2.170108681918390958e-02 2.848479912257073990e-02 1.852049571160848951e-01 -3.105368654834627859e-02 4.213421619603940210e-02 -4.441937910129962197e-01 5.972099247304065717e-01 -5.083708034582993252e-01 2.509129284920694758e-01 1.591109717276112112e-01 -3.287511511872751729e-02 -3.368061147827997731e-02 4.337327195068020093e-03 2.339066422935939197e-03 4.159835260215591010e-03
2.244108502335559197e-01 9.469174315375821216e-01 -2.068065650393397237e-01 6.297299260060737480e-02 1.534147947770743772e-02 -2.042691353311744049e-02 -4.894910786477946890e-02 5.130296920559767465e-02 7.801025741340137341e-03 -6.705376319960318528e-03 1.357350548336419549e-02 -1.224693768376373948e-02 6.446268783724774971e-03 -2.313567095401898393e-04 -2.449116333867666032e-03 -7.818838098376303461e-03 -6.836859386892567064e-04 -4.730076105091547169e-03 5.785794021844675511e-04
