2.291784515673006561e-01 4.925973874093014272e-03 -2.472556728182896402e-01 -7.791584086047327606e-02 -1.368254879510055755e-01 -5.884751339499486381e-03 1.613948736206042844e-01 -2.056598838713829258e-01 -1.378726082864726032e-01 -8.792028936314133514e-02 -2.150700493336488717e-01 2.027481469872700892e-02 6.971908400209220202e-02 -2.147833583729871210e-01 -1.981267685642976867e-02 -2.389744501326826198e-01 7.327624494374408437e-01 -2.725926722724242857e-01
2.285175212943035272e-01 1.201153999012624790e-01 -2.290362164915352716e-01 -9.950570382932884261e-02 -1.876129235718672628e-01 8.987959415102854399e-02 4.953301128894677108e-02 -1.329542945151518663e-01 -1.182859163328942725e-01 -2.467227861519322718e-01 -2.644517953338996197e-01 -2.333870239955227258e-02 -2.377018464965991937e-02 -5.584293264953041902e-01 3.452012312369071578e-01 1.899185348711664167e-01 -4.354915291508308917e-01 7.034528486331731445e-02
2.340288086705037962e-01 3.860527886776813911e-01 2.964256704194865311e-01 2.087346020673099822e-01 1.549523149343443873e-01 -7.247340977285977870e-02 -1.092630566299166578e-01 -5.584727651592465980e-01 8.586298927278770976e-02 -7.321857318041714857e-02 2.351014670726941924e-01 4.754181566375554335e-01 -1.121403882715310135e-01 -5.644697063731420050e-02 -3.860214853484075781e-02 -1.761909495171738033e-02 -8.172899215293447095e-03 -2.228800993283637163e-03
2.259038067489562707e-01 5.130679846052239590e-01 1.143358931998334771e-01 1.330790364723088426e-01 4.782813356950204459e-02 1.198343379402597685e-02 -9.307018554587007109e-02 -8.491006115235154306e-02 2.203152578797789307e-01 5.852615522293046213e-02 -1.105978535006949953e-01 -7.080884650707376382e-01 2.363952731196450885e-01 8.809446196826635489e-02 -3.312278178158640368e-02 -7.647433025897361347e-02 -9.766866962181425596e-03 -1.932865671503130808e-02
2.320706858436480668e-01 3.772790646091987721e-02 1.817499540525611620e-02 -1.466591901051973387e-02 4.942516838024491738e-02 -2.621102304115797976e-02 1.270939595654031751e-01 6.902258904656199956e-02 1.847168695647402603e-02 5.890628935274426492e-02 1.180844821988495247e-01 -1.273551712971081051e-01 -3.452749198458081592e-01 1.242476642757954358e-01 2.133123408953328803e-01 7.282939187729247088e-01 3.679809317159420390e-01 2.004412151901769634e-01
2.409490151688124249e-01 -1.783823094713994917e-01 1.714623300195764919e-03 2.297758028783940948e-02 -7.483846602680430116e-02 -6.076047979255478487e-02 2.030184094080922097e-01 -1.592175113688267252e-01 1.708030018586368382e-01 7.842526689176625432e-01 -2.053221211025783033e-01 1.241645474772884172e-01 9.434002140987726714e-02 3.998130682394789026e-02 2.669085707876067692e-01 -1.352460234138588568e-01 -8.900534250594011043e-02 1.548579939763742863e-01
2.476929848133804235e-01 -2.204961333975406501e-01 4.760894179364526524e-01 -5.426202585298984804e-01 2.851361838642744173e-01 4.899535276410086349e-01 -1.158390411252288726e-01 -2.698487572435289208e-02 2.082846971879571268e-02 -6.649233828000779278e-02 -1.269760163905608585e-01 -3.343279094468550733e-02 1.315256112639543937e-02 -3.943058279711516428e-02 -1.254653130631767227e-02 -6.965458760826116758e-02 4.475379638600075066e-02 5.091398456786591642e-02
2.459369339912130525e-01 -7.808007350090771792e-02 5.332330276083967202e-02 -7.949931872692121704e-02 -3.759161864887865245e-02 -2.823769444735612852e-02 1.533721553899335954e-01 3.564252971533945352e-02 -4.706866146039357518e-02 1.067007133948282838e-01 1.948655868804910485e-01 -4.512176841669188893e-02 -6.195283927386409373e-02 1.175045484068454604e-01 4.110797242976277355e-03 1.633721069633053968e-01 -2.599743326338112559e-01 -8.553961339489656313e-01
2.263513367922008745e-01 2.781407436216272178e-01 -2.718161542299001865e-01 -1.135068384023482507e-01 -3.540347903500448146e-01 3.543066742205719932e-01 -4.913480422830577288e-01 3.270049293766427168e-01 5.355450979128480865e-02 2.427684926191346348e-01 2.516111277766558407e-01 2.137511490697974470e-01 -8.148725647798137073e-03 -2.028021953149514861e-02 -1.013231541627000742e-01 -1.835472700177662522e-02 5.807982203302797936e-02 1.222396848710518083e-02
2.548739815592870883e-01 -3.694030429497047741e-01 3.387488614380039786e-01 4.087177194817322445e-01 -2.610150712410597151e-01 -1.682949396523325536e-01 -4.725503873631627383e-01 1.198511517251590712e-02 -3.728120015292435419e-01 -1.010650942850033034e-02 -1.312789201217605117e-01 -1.525200084733938088e-01 -1.180041231455276896e-01 -3.671195215028846826e-02 1.225390039827716979e-02 -3.336987969180976732e-02 2.573707774633526499e-02 9.686613958922755604e-03
2.138938687456573839e-01 -1.612908344218281220e-01 -4.074956187475246017e-01 3.646892028332329172e-01 7.184416110693944146e-01 1.992509616718219079e-01 -1.299235578784931344e-01 9.132323210145995573e-02 -1.104539435957449522e-01 4.319922649976937895e-02 1.035204056712252935e-01 -3.003727495386789709e-02 3.570713887358254596e-02 -9.241725705360165355e-02 8.360287085441320265e-02 -6.762667912255083957e-02 -1.892178817332925214e-02 -2.612806731885494727e-02
2.367475141395413984e-01 3.366149158395273511e-01 2.733046819213871270e-01 1.026972278850938752e-01 1.493041142498994500e-01 -1.819592672584918747e-01 2.614682598190760654e-01 6.276959870184876111e-01 -1.754623561277753041e-01 -2.740959746293483712e-02 -3.030796600135711727e-01 2.990272041870613018e-01 7.701142655643380963e-02 -4.581715271061967409e-02 -5.884614089505525031e-02 -5.558610920815323236e-02 3.380318242783684861e-03 1.493616800203828414e-02
2.391851714136208062e-01 -3.024167705648123650e-01 8.100613796681621626e-02 2.596489587078883998e-01 -1.820924408945085171e-01 4.849218745226546723e-02 1.082896997412643170e-01 1.874053530783308386e-01 6.462898686477714927e-01 -3.632037547202327521e-01 1.660195947992411381e-01 9.244706039498526429e-02 2.555928561438728930e-01 -2.774068114545140754e-02 1.919374898094046711e-01 -4.439355884062688717e-02 6.475599060452900957e-02 1.343468991774097662e-02
2.360282429836536300e-01 1.628348124856653784e-02 -1.966187408012246701e-02 -7.390435941402102860e-02 -8.447205260462657683e-02 -3.632157041787688334e-02 3.076226165258651446e-01 8.996449980602864993e-02 -9.561095470853958611e-02 -7.763583612116047028e-02 3.927332936354159809e-01 -2.158809729410245959e-01 -5.406982686852788156e-01 1.073370137087763243e-02 6.523270738483738507e-02 -5.151885380616638699e-01 -8.955809367119786646e-02 2.020375415228819471e-01
2.264911875062307900e-01 1.922451554575703089e-02 -2.631288980865349458e-01 1.026997188062732033e-02 -8.626816187175771755e-02 1.423804198814752897e-01 -2.000296004094260886e-03 -1.392651519454258524e-01 -6.546766005032952918e-02 -2.814893557356459852e-01 -3.799296700044463848e-01 1.442332606404120310e-01 -7.855459853018480210e-02 7.397421661940603022e-01 5.583295619662144438e-02 -5.237124107956796920e-02 -1.447378966118149091e-01 5.482902883284691137e-02
2.358431668695934735e-01 -1.689932258767246898e-01 -1.240574693954177021e-01 8.929194952861373158e-02 -4.693422549583436271e-02 3.955033470789189043e-02 1.798716033262379999e-01 -7.680440302277263820e-02 1.798812384864905689e-01 4.549800604940191368e-02 -1.562593447454148909e-01 -3.307613163388716665e-02 -1.486032102522120424e-01 -1.579665291655733550e-01 -8.266821888341183699e-01 1.658687736411556812e-01 -1.370224729070687320e-01 1.173477180743728865e-01
2.517874879585417780e-01 -7.461797709629534869e-02 -2.840790365176350252e-02 -1.206289188462593975e-01 -8.826734790339990644e-02 -7.018685381303103876e-02 2.026828132405007199e-01 -9.513774077548223240e-02 -4.346791566563630305e-01 -4.976671551049212383e-02 4.150920612699588452e-01 -1.846674164652820777e-02 6.219753247344999014e-01 1.146601231808374033e-01 -1.094271088751613968e-01 1.101934792996292073e-01 -5.468396796606711519e-02 2.483051042351840376e-01
2.333949964720167802e-01 -7.714544777335785586e-02 -1.840184299813493463e-01 -4.497326066467994266e-01 1.984291165481446295e-01 -6.958164023751526317e-01 -3.561146555670356983e-01 4.284147216582715606e-02 2.041050868085104997e-01 -6.999756392294613494e-02 -1.122221962756913584e-02 1.348639878274199809e-02 1.890761188599011109e-03 8.775425547750379668e-03 -2.191935283789009717e-02 -3.893881510776210642e-02 -3.144800803539725409e-02 3.650915655880863225e-02
