2.299959179438165191e-01 -3.279261954111843680e-02 -2.010797527751251312e-01 -8.576464412369833035e-02 9.521024219417233148e-02 3.808633166237918727e-02 9.087372367819386565e-02 9.336389864687198725e-02 -1.992949990712193087e-01 -8.673683831504607747e-04 -1.806535572153264782e-02 -2.614533245142967588e-01 4.319075501020998298e-02 -1.301736434610760440e-01 -1.877993101377655738e-01 -3.530817042091677349e-01 2.880264620662115194e-01 -7.075583919511860831e-01
2.289336339122090003e-01 7.168131439118632930e-02 -1.995265074432306107e-01 -1.012180245935881545e-01 1.320238628025387773e-01 7.795508458315153488e-02 8.866913590893829578e-02 4.384002678053283697e-02 -1.506741528199170288e-01 1.400595590618891884e-01 -4.972397863971386028e-02 -3.927368755771716846e-01 -5.363211620277008596e-02 -6.882525164444860399e-01 1.698966840882937951e-02 2.599203291012673889e-01 -1.983299258886742633e-01 2.762603509886870090e-01
2.364552031618255001e-01 4.156651416981392844e-01 2.756873834596830219e-01 2.198336904971532821e-02 -1.973314706680100727e-01 7.897842357532015856e-02 -4.931640028153919109e-01 2.768349614774358036e-01 -1.726515398772124621e-01 4.574667626923045044e-02 5.412912831966528726e-01 -3.275069292071923488e-02 1.280878711977697856e-02 -2.027974050510624598e-02 -4.121330818961436993e-02 -3.687998911381451528e-02 -1.371295062115349822e-02 2.602135902806990836e-03
2.260916084972850182e-01 5.157538834995906152e-01 3.212757219678542137e-02 -6.378221994053846072e-03 -4.180940450226974803e-02 5.996661021432708738e-02 -1.979927910534319824e-01 1.689709254735438648e-01 1.778482445804552559e-01 -1.603924656575290292e-02 -7.450106344875536690e-01 5.861189758451738202e-02 9.756019084182958323e-02 6.724280141650759712e-02 -2.164285423630717825e-02 -3.486359330393028894e-02 -4.734865798763327610e-02 -1.955744046339648323e-02
2.322159278892479140e-01 3.528659418109972995e-02 -2.048888822079988556e-02 -2.151453653738754322e-03 5.913169525058740647e-03 -2.743283550604300181e-02 4.128942277739760386e-02 5.780658623726384754e-02 -3.426098922207623104e-02 -9.661048795505733366e-02 -1.845758650610697729e-02 1.151490052027980548e-01 -3.424646171362394353e-01 4.497243137580047428e-02 2.410942554331375054e-01 5.237019527872752711e-01 6.800389846538285044e-01 -1.780868230433529584e-02
2.401539687949170998e-01 -1.740855839444055420e-01 -1.042102636306768823e-03 -5.083147450737546258e-02 -3.882388980597015898e-02 3.863071996675633557e-02 6.915292643976224396e-02 2.064738830297399019e-01 1.224756306841210188e-02 -8.178408891707622530e-01 4.001241965954286522e-02 7.977334104330646714e-02 3.060989284632941176e-01 -1.317987318563915433e-01 1.965229598392874699e-01 -1.199137156064093573e-01 -3.206340065037361492e-02 1.301827125739659363e-01
2.477198626601042342e-01 -1.920972592986946170e-01 5.002745320688628539e-01 1.916712664911574548e-01 5.755491434767856518e-01 -4.721630668697993083e-01 -1.235047612044964938e-01 2.193723129464281857e-02 1.260579940998492188e-01 6.746378125388738378e-02 -4.721007023316304424e-02 -1.174537641679928995e-01 5.160300387710688164e-02 -3.552321202436662523e-02 -1.057348503487125571e-02 -5.291432728260932888e-02 3.063022902233561440e-02 2.346746797460746645e-02
2.442838748007232497e-01 -7.418973018942810749e-02 3.958415194448346858e-02 2.053525362050433525e-02 4.747677335860701203e-02 6.683080905529460540e-03 1.117015190444549250e-01 8.200592249570126668e-02 -7.694125316241028079e-02 -7.081294896080420065e-02 2.814408188255129381e-02 2.277431239593490087e-01 -1.961302532555966316e-01 1.291544175609716516e-01 1.194625531562803350e-02 4.447233227989441651e-01 -6.103161892722266391e-01 -4.713628812162732884e-01
2.279328169701313189e-01 2.514258566654027360e-01 -2.474365780109440138e-01 -2.050039737949637397e-01 4.504677729026116406e-01 2.510938007160283258e-01 -7.353065893590296498e-02 -4.540787451756540527e-01 4.099312995958974692e-01 -6.241888128504193001e-02 2.744917238492262657e-01 2.080216907773619062e-01 6.470287976023166021e-02 2.181357747318410367e-02 -9.075691421696359396e-02 -1.971429503057936863e-02 1.286173119764009304e-02 2.212691134743751883e-03
2.562271900072778941e-01 -3.158771092672331138e-01 4.206867306617456670e-01 9.439880844895234824e-03 -2.431698742820170567e-01 4.570910395872322951e-01 -1.918717310207888049e-01 -5.278697606297103606e-01 -1.211280568561336479e-01 -1.661913884470291730e-02 -1.901097768724518688e-01 -1.307142318548831228e-01 -6.122901590831614227e-02 -2.915477669767909188e-02 7.885663190119429318e-04 -2.500586161781526845e-02 1.680671546393707610e-02 -1.715449666687585140e-02
2.138412962675274864e-01 -1.716093408980532975e-01 -2.665768084064659149e-01 -3.527165322636917622e-01 -3.452186372237983081e-01 -6.041170168477734137e-01 -3.630247425506443748e-01 -2.648593984488166742e-01 -4.642445498931886509e-03 4.648808943666025983e-02 -4.731598242218119921e-02 1.648219631727096401e-01 1.339655583845018351e-02 -9.658225260713403093e-02 -1.351190814776229501e-02 -2.089417872839400767e-02 -3.904990642568922921e-02 -6.311490789698408557e-03
2.355424991023084003e-01 3.897268978406458473e-01 2.058855682505328077e-01 1.593509579672939547e-01 -3.353633085124519408e-01 -2.886654272635255647e-01 6.112292054549322007e-01 -3.194521277674251536e-01 6.933009295491431023e-02 -1.674179891243407839e-02 1.363580230355959100e-01 -1.139182503152377790e-01 1.196813763564008176e-01 1.465421573540472491e-02 -3.917069773598266802e-02 -2.517258986291822168e-02 4.171182293256497052e-03 4.732028835559062147e-03
2.382795680199232269e-01 -2.942937962224464465e-01 1.070692168613434497e-01 -2.044768183556173180e-01 -2.461336326994534585e-01 1.635563961105082342e-01 1.645026650697107296e-01 3.690525987639071692e-01 5.995089896012182340e-01 3.774771078078431596e-01 8.740997523522700541e-02 5.294919285395056907e-02 1.233608183073329756e-01 -7.517470067491509311e-02 1.223400612647664171e-01 -4.452295167483935612e-02 3.823185570330892014e-02 -3.349197721435807906e-02
2.359522137148179766e-01 1.593713081201873771e-02 -2.640667586079862086e-02 2.953977800032869371e-03 4.371397776626419901e-02 1.241942444878285298e-02 1.584781368441728622e-01 8.002194798175799040e-02 -9.235506583912302114e-02 1.213375451298132589e-02 -1.631571603025148975e-02 2.438860070792649992e-01 -6.888996781154801408e-01 -2.384509096091992283e-02 1.197592570440238341e-01 -5.425367216671648229e-01 -1.075405286850122655e-01 2.143701594246351927e-01
2.268897002525191997e-01 -8.687293586479313476e-03 -2.151002767535551419e-01 -1.451916635466652117e-01 9.640026867887184492e-02 4.840860546427579181e-03 -1.814225342220455734e-04 -1.368547903244709402e-02 -1.467326283200102721e-01 1.263909294461011412e-01 2.949357450985673132e-02 -4.620743644299032948e-01 1.080838840360409253e-01 5.639542787791168577e-01 5.097785487418826644e-01 -4.632476882692892345e-02 -1.186662616143576016e-01 1.178005323667396659e-01
2.354635492993069901e-01 -1.551395962242980153e-01 -9.144216451186341910e-02 -1.041324588862165001e-01 -3.269268843926377566e-02 1.522453625304577042e-02 6.895634869908773279e-02 1.672277041975897272e-01 7.037473004766480432e-03 -1.127345567067331439e-01 -3.910330248934916139e-03 -2.063954322047695800e-01 -1.118688508076868399e-01 3.615670775932444125e-01 -7.504476370775026162e-01 1.217073458064287239e-01 2.617433054416697796e-02 2.999581772084761178e-01
2.512668380379782795e-01 -7.017880453068670032e-02 -1.965706257573286014e-02 -1.406189270113790066e-02 1.288647170330303182e-01 9.716027745323310705e-02 1.783635419671665001e-01 4.596820314267587027e-02 -5.052436473847677911e-01 3.285368809416383540e-01 -4.388233805335654131e-02 5.182267117703762693e-01 4.405611780845639647e-01 3.318286127175654882e-02 -5.442007890985819940e-02 -1.465593236518075715e-02 9.238894088038325514e-02 1.754519593769102714e-01
2.317393561225356280e-01 -1.441827249795998300e-01 -4.142781942583599886e-01 8.223554628893364749e-01 -1.208551947047751679e-01 2.335894667218051113e-02 -1.757715470411111702e-01 -3.301855701918448432e-02 1.437718561457517752e-01 6.632677797094131689e-02 3.412093073644088120e-02 1.220432420730761629e-02 5.419827914376960237e-02 -1.137670233137151252e-02 1.580854675339212964e-03 -1.978158463483289595e-02 -7.182881405285537237e-03 2.409863320426394728e-02
